3
-10000 0 10000

3
-10000 0 10000

4
-10000 -300 -100 0

12
1  1 2  1 2  1 2
1  2 3  1 2  1 2
1  1 2  2 3  1 2
1  2 3  2 3  1 2

2  1 2  1 2  2 3
2  2 3  1 2  2 3
2  1 2  2 3  2 3
2  2 3  2 3  2 3

1  1 2  1 2  3 4
1  2 3  1 2  3 4
1  1 2  2 3  3 4
1  2 3  2 3  3 4






3
-10000 0 10000

3
-10000 0 10000

4
-10000 -9600 -9900 0

12
1  1 2  1 2  1 2
1  2 3  1 2  1 2
1  1 2  2 3  1 2
1  2 3  2 3  1 2

2  1 2  1 2  2 3
2  2 3  1 2  2 3
2  1 2  2 3  2 3
2  2 3  2 3  2 3

1  1 2  1 2  3 4
1  2 3  1 2  3 4
1  1 2  2 3  3 4
1  2 3  2 3  3 4







2
-10000 10000

2
-10000 10000

2
-10000 0

1
1  1 2  1 2  1 2





3
-10000 0 10000

3
-10000 0 10000

2
-10000 0

4
1  1 2  1 2  1 2
1  2 3  1 2  1 2
1  1 2  2 3  1 2
1  2 3  2 3  1 2





3
0 5 10

3
0 5 10

2
0 10

3
1  1 2  1 2  1 2
2  2 3  1 2  1 2
2  1 3  2 3  1 2








2
0 10

2
0 10

2
0 10

1
1  1 2  1 2  1 2
