30 -1.2  14 1.2  8 1.2  8 1.2
30 -1.2  30 1.2
29 -1.1  2 -1.1  14 -1.1



// 400-1900
30 -1.2  14 1.2  8 1.2  8 1.2
30 -1.2  30 1.2
29 -1.1  2 -1.1  14 -1.1
//




// 500-1000
30 -1.2  13 1.2  4 1.2  13 1.2
30 -1.2  30 1.2
29 -1.1  2 -1.1  14 -1.1



29 -1.2  29 1.2
29 -1.2  29 1.2
33 -1.1  7 -1.1  7 -1.1






1 -1.1  1 1.1
1 -1.1  1 1.1
1 -1.1  1 -1.1  1 -1.1


10 1
10 1
5 1


29 -1.2  29 1.2
29 -1.2  29 1.2
17 -1.1  10 -1.1  14 -1.1


5 -1.1  5 1.1
5 -1.1  5 1.1
5 -1.1


2 1  2 1
2 1  2 1
2 1
